10
51
9 1
13 5
4 2
15 1
35 16
28 7
3 2
14 7
38 6
33 31
20 1
22 6
23 14
19 3
42 24
45 5
8 4
5 1
26 1
2 1
47 19
18 4
51 2
16 9
25 14
21 11
49 22
30 9
46 23
31 19
41 26
34 28
36 1
11 10
39 13
7 5
6 1
50 26
40 17
27 13
29 6
10 2
44 28
48 32
32 10
43 17
24 21
17 15
37 35
12 1
-1869388219 50195
33
10 1
17 6
13 10
16 10
33 27
2 1
6 2
5 1
25 15
27 20
7 6
29 14
14 10
26 24
22 2
31 3
12 4
15 9
3 2
30 6
24 20
20 6
19 15
28 5
32 21
11 6
21 1
9 7
18 7
23 3
4 1
8 2
915629281 50177
32
30 3
25 12
15 4
31 7
24 15
3 1
2 1
4 2
7 2
21 14
5 3
32 6
28 21
8 4
17 16
20 13
16 5
9 6
19 1
12 4
11 4
29 21
23 20
10 1
18 3
22 8
26 23
6 4
13 8
27 25
14 11
898852066 50176
86
66 55
58 47
9 7
25 14
53 27
60 21
15 5
17 2
42 13
40 36
7 4
27 5
39 6
6 4
46 32
65 49
54 2
34 7
64 20
8 7
74 57
5 4
19 5
24 15
72 26
10 4
22 15
52 40
70 23
82 60
83 61
55 45
80 33
79 5
3 1
36 1
29 11
43 37
13 1
85 20
63 10
59 15
4 2
71 44
47 29
69 55
81 62
21 19
84 66
38 3
51 27
50 10
62 12
56 43
45 29
44 23
75 63
78 8
57 48
26 11
18 11
12 3
67 19
28 8
31 16
20 7
68 52
30 21
61 59
2 1
23 3
48 45
41 33
73 51
77 65
37 27
11 3
49 8
35 16
32 27
76 25
16 6
33 3
86 21
14 7
982738157 50294
43
25 18
9 5
2 1
17 3
40 32
33 17
18 2
19 9
42 27
28 17
39 5
6 1
13 1
36 27
15 3
31 8
26 21
14 9
11 4
27 14
38 28
16 10
7 6
5 4
30 12
32 31
23 21
34 12
35 11
3 1
43 12
8 4
22 9
21 3
37 19
29 5
12 11
24 22
20 10
10 2
4 2
41 32
1871930552 50187
14
5 2
2 1
12 7
6 3
10 9
3 1
11 4
14 2
8 3
9 5
7 5
4 3
13 9
1116955797 50222
93
45 3
40 30
3 1
87 80
80 52
72 15
24 22
7 1
82 26
43 18
91 76
50 20
10 1
9 3
54 41
89 62
66 28
76 47
79 26
28 9
13 6
46 11
48 7
4 1
14 3
58 41
36 9
23 16
53 12
27 8
85 78
57 9
55 31
30 1
2 1
38 8
63 20
60 19
52 46
32 21
6 1
59 5
26 13
83 1
88 43
12 5
39 34
11 2
47 13
90 74
42 29
62 44
20 7
34 22
65 55
21 15
73 52
35 8
61 3
19 14
5 2
22 8
33 32
77 50
84 26
67 63
81 22
31 15
18 1
86 30
74 26
92 66
51 46
15 6
29 27
49 32
41 29
71 40
70 63
68 26
16 2
93 8
8 5
69 15
64 7
37 4
75 32
25 16
44 32
56 6
78 10
17 7
831743206 50301
79
28 19
6 4
43 7
71 56
70 45
4 3
78 54
45 13
74 43
29 17
76 26
30 4
16 13
64 8
46 28
41 36
21 17
34 25
77 4
57 4
54 42
52 47
65 59
61 32
53 4
7 1
20 17
8 3
22 8
62 5
42 8
59 58
48 35
12 9
3 2
15 3
63 47
9 6
68 13
32 5
72 59
49 15
17 16
23 11
10 6
55 1
40 8
69 47
50 8
11 9
19 18
66 63
31 19
35 5
60 9
37 8
33 11
5 2
58 9
44 1
47 28
67 41
56 48
51 36
75 5
79 13
38 36
2 1
14 13
24 11
13 10
26 18
39 14
73 3
27 26
25 21
36 32
18 3
59991252 50287
38
23 19
31 9
16 4
10 4
37 1
2 1
4 3
22 3
20 7
17 3
33 3
25 21
30 18
27 5
19 11
8 1
29 18
21 3
6 1
38 32
7 1
28 22
13 8
14 13
26 19
24 19
34 9
9 4
11 2
36 7
15 6
3 1
5 4
35 20
18 17
12 2
32 10
1788044477 50182
50
26 24
34 2
25 2
37 17
13 4
45 19
40 12
20 4
29 6
36 30
4 3
21 2
19 17
22 13
24 18
8 6
49 31
44 8
31 2
46 26
11 6
15 1
35 31
2 1
27 26
7 2
33 1
39 10
43 10
18 11
30 1
38 18
23 7
17 15
5 2
41 10
12 10
6 2
50 15
3 2
28 3
47 3
10 3
9 6
42 24
16 5
48 13
32 17
14 10
1720935601 50194
